80	9.631052164314948E-4
90	7.990959052047027E-4
100	6.76199738621899E-4
110	5.813921248057155E-4
120	5.064956185173098E-4
130	4.4614811041493707E-4
140	3.9670487889866246E-4
150	3.556124492021202E-4
160	6.420701442876632E-4
170	5.832464384738908E-4
180	7.990959052047027E-4
190	4.889798801635732E-4
200	4.5079982574793275E-4
210	6.258795391569904E-4
220	3.875947498704769E-4
230	5.418401685853337E-4
240	3.376637456782065E-4
250	4.7476234030432985E-4
260	4.4614811041493707E-4
270	4.2024336267323524E-4
280	3.9670487889866246E-4
290	5.003241921469352E-4
300	3.5561244920212016E-4
310	4.501374339452555E-4
320	5.350584535730526E-4
330	4.076710191584202E-4
340	5.832464384738908E-4
350	4.6421327397511863E-4
360	4.4394216955816814E-4
370	4.250759923881899E-4
380	4.074832334696442E-4
390	5.474668170405141E-4
400	4.5079982574793264E-4
410	5.057473369322092E-4
420	5.56337368139547E-4
430	4.689745669958854E-4
440	5.167929998273025E-4
450	4.987095057061396E-4
460	5.418401685853334E-4
470	4.6549506798843564E-4
480	4.50218327570942E-4
490	4.902104928632056E-4
500	5.802650825941809E-4
510	5.112140753381952E-4
520	4.46148110414937E-4
530	4.3287989392465587E-4
540	6.070181905280064E-4
550	4.5355284843598615E-4
560	4.8486151865392076E-4
570	4.714486345531142E-4
580	5.003241921469352E-4
590	4.8695038388864786E-4
600	4.741499322694936E-4
610	4.6188930404006656E-4
620	4.876488867740267E-4
630	4.388655069653677E-4
640	5.350584535730526E-4
650	4.5246101378108964E-4
660	4.7561618901815686E-4
670	4.975865956987471E-4
680	5.508438585586746E-4
690	5.065830199012278E-4
700	5.261083771718011E-4
710	6.354505093485605E-4
720	5.031344588325905E-4
730	4.92254347719322E-4
740	5.951063893434659E-4
750	5.270955032711404E-4
760	5.433109779595256E-4
770	5.3217006022402E-4
780	5.474668170405141E-4
790	5.109750736103015E-4
800	5.509775648030287E-4
810	5.402353417786976E-4
820	5.057473369322092E-4
830	4.96123708810509E-4
840	5.099759207945848E-4
850	5.232493407751837E-4
860	4.466424447579861E-4
870	5.481661618178373E-4
880	4.737269165083607E-4
890	4.65318286629928E-4
900	4.987095057061396E-4
Ignoring ratios before cross over point: 8
Sorted ratios are: 3.376637456782065E-4, 3.5561244920212016E-4, 3.556124492021202E-4, 3.875947498704769E-4, 3.9670487889866246E-4, 3.9670487889866246E-4, 4.074832334696442E-4, 4.076710191584202E-4, 4.2024336267323524E-4, 4.250759923881899E-4, 4.3287989392465587E-4, 4.388655069653677E-4, 4.4394216955816814E-4, 4.46148110414937E-4, 4.4614811041493707E-4, 4.4614811041493707E-4, 4.466424447579861E-4, 4.501374339452555E-4, 4.50218327570942E-4, 4.5079982574793264E-4, 4.5079982574793275E-4, 4.5246101378108964E-4, 4.5355284843598615E-4, 4.6188930404006656E-4, 4.6421327397511863E-4, 4.65318286629928E-4, 4.6549506798843564E-4, 4.689745669958854E-4, 4.714486345531142E-4, 4.737269165083607E-4, 4.741499322694936E-4, 4.7476234030432985E-4, 4.7561618901815686E-4, 4.8486151865392076E-4, 4.8695038388864786E-4, 4.876488867740267E-4, 4.889798801635732E-4, 4.902104928632056E-4, 4.92254347719322E-4, 4.96123708810509E-4, 4.975865956987471E-4, 4.987095057061396E-4, 4.987095057061396E-4, 5.003241921469352E-4, 5.003241921469352E-4, 5.031344588325905E-4, 5.057473369322092E-4, 5.057473369322092E-4, 5.064956185173098E-4, 5.065830199012278E-4, 5.099759207945848E-4, 5.109750736103015E-4, 5.112140753381952E-4, 5.167929998273025E-4, 5.232493407751837E-4, 5.261083771718011E-4, 5.270955032711404E-4, 5.3217006022402E-4, 5.350584535730526E-4, 5.350584535730526E-4, 5.402353417786976E-4, 5.418401685853334E-4, 5.418401685853337E-4, 5.433109779595256E-4, 5.474668170405141E-4, 5.474668170405141E-4, 5.481661618178373E-4, 5.508438585586746E-4, 5.509775648030287E-4, 5.56337368139547E-4, 5.802650825941809E-4, 5.813921248057155E-4, 5.832464384738908E-4, 5.832464384738908E-4, 5.951063893434659E-4, 6.070181905280064E-4, 6.258795391569904E-4, 6.354505093485605E-4, 6.420701442876632E-4, 6.76199738621899E-4, 7.990959052047027E-4, 7.990959052047027E-4, 9.631052164314948E-4, 
Maximum ratio is: 9.631052164314948E-4
Average ratio is: 5.085837469848098E-4