10	4	2
20	2	3
30	3	5
40	5	5
50	8	7
60	4	4
70	5	3
80	6	6
90	6	7
100	7	8
110	8	7
120	9	7
130	13	6
140	12	6
150	13	7
160	14	10
170	17	9
180	24	10
190	18	10
200	20	12
210	23	13
220	25	13
230	36	24
240	43	19
250	32	13
260	30	15
270	31	18
280	34	16
290	38	17
300	41	20
310	43	22
320	46	19
330	50	24
340	49	24
350	54	26
360	56	26
370	59	29
380	65	28
390	66	29
400	71	32
410	77	34
420	78	33
430	84	34
440	91	36
450	92	35
460	96	38
470	94	37
480	100	41
490	106	40
500	110	42
510	117	42
520	123	47
530	123	49
540	131	49
550	137	47
560	141	21
570	39	14
580	38	14
590	57	13
600	55	14
610	60	13
620	43	20
630	41	21
640	37	17
650	47	18
660	72	16
670	49	17
680	45	29
690	58	17
700	51	17
710	52	18
720	49	21
730	58	23
740	57	20
750	54	22
760	61	21
770	59	22
780	65	21
790	66	24
800	65	22
810	66	24
820	68	22
830	66	24
840	72	24
850	74	23
860	78	24
870	77	25
880	82	26
890	82	25
900	81	29
