130	4.4614811041493707E-4
140	3.9670487889866246E-4
150	3.556124492021202E-4
160	6.420701442876632E-4
170	2.916232192369454E-4
180	5.327306034698018E-4
190	7.334698202453597E-4
200	6.761997386218992E-4
210	6.258795391569904E-4
220	5.813921248057154E-4
230	5.418401685853337E-4
240	5.064956185173098E-4
250	4.7476234030432985E-4
260	7.43580184024895E-4
270	4.2024336267323524E-4
280	3.9670487889866246E-4
290	5.003241921469352E-4
300	5.92687415336867E-4
310	5.626717924315694E-4
320	5.350584535730526E-4
330	6.115065287376302E-4
340	4.8603869872824236E-4
350	5.570559287701424E-4
360	5.327306034698017E-4
370	5.951063893434659E-4
380	5.70476526857502E-4
390	5.474668170405141E-4
400	5.259331300392548E-4
410	6.502465760556977E-4
420	4.867951971221036E-4
430	6.029673004232812E-4
440	5.167929998273025E-4
450	4.987095057061396E-4
460	6.020446317614816E-4
470	5.236819514869901E-4
480	5.064956185173098E-4
490	4.902104928632056E-4
500	4.7476234030432985E-4
510	5.623354828720147E-4
520	5.452921349515897E-4
530	5.290754259079127E-4
540	5.603244835643137E-4
550	5.89618702966782E-4
560	5.289398385315499E-4
570	6.000255348857817E-4
580	5.420178748258464E-4
590	4.8695038388864786E-4
600	5.136624266252847E-4
610	5.388708547134109E-4
620	5.626717924315693E-4
630	5.851540092871569E-4
640	5.350584535730526E-4
650	5.916797872521941E-4
660	6.115065287376302E-4
670	5.971039148384965E-4
680	6.804541782195392E-4
690	6.332287748765347E-4
700	6.49898583565166E-4
710	6.051909612843433E-4
720	6.215190373814354E-4
730	5.212104858204585E-4
740	5.951063893434659E-4
750	5.825792404575761E-4
760	5.161454290615494E-4
770	5.85387066246422E-4
780	5.735366654710147E-4
790	5.876213346518468E-4
800	5.760219995668028E-4
810	5.89347645576761E-4
820	5.779969564939534E-4
830	6.142484013844396E-4
840	6.026988154845093E-4
850	6.142492261273896E-4
860	5.583030559474827E-4
870	5.481661618178373E-4
880	5.383260414867734E-4
890	5.922232738926356E-4
900	5.402686311816512E-4
Ignoring ratios before cross over point: 13
Sorted ratios are: 2.916232192369454E-4, 3.556124492021202E-4, 3.9670487889866246E-4, 3.9670487889866246E-4, 4.2024336267323524E-4, 4.4614811041493707E-4, 4.7476234030432985E-4, 4.7476234030432985E-4, 4.8603869872824236E-4, 4.867951971221036E-4, 4.8695038388864786E-4, 4.902104928632056E-4, 4.987095057061396E-4, 5.003241921469352E-4, 5.064956185173098E-4, 5.064956185173098E-4, 5.136624266252847E-4, 5.161454290615494E-4, 5.167929998273025E-4, 5.212104858204585E-4, 5.236819514869901E-4, 5.259331300392548E-4, 5.289398385315499E-4, 5.290754259079127E-4, 5.327306034698017E-4, 5.327306034698018E-4, 5.350584535730526E-4, 5.350584535730526E-4, 5.383260414867734E-4, 5.388708547134109E-4, 5.402686311816512E-4, 5.418401685853337E-4, 5.420178748258464E-4, 5.452921349515897E-4, 5.474668170405141E-4, 5.481661618178373E-4, 5.570559287701424E-4, 5.583030559474827E-4, 5.603244835643137E-4, 5.623354828720147E-4, 5.626717924315693E-4, 5.626717924315694E-4, 5.70476526857502E-4, 5.735366654710147E-4, 5.760219995668028E-4, 5.779969564939534E-4, 5.813921248057154E-4, 5.825792404575761E-4, 5.851540092871569E-4, 5.85387066246422E-4, 5.876213346518468E-4, 5.89347645576761E-4, 5.89618702966782E-4, 5.916797872521941E-4, 5.922232738926356E-4, 5.92687415336867E-4, 5.951063893434659E-4, 5.951063893434659E-4, 5.971039148384965E-4, 6.000255348857817E-4, 6.020446317614816E-4, 6.026988154845093E-4, 6.029673004232812E-4, 6.051909612843433E-4, 6.115065287376302E-4, 6.115065287376302E-4, 6.142484013844396E-4, 6.142492261273896E-4, 6.215190373814354E-4, 6.258795391569904E-4, 6.332287748765347E-4, 6.420701442876632E-4, 6.49898583565166E-4, 6.502465760556977E-4, 6.761997386218992E-4, 6.804541782195392E-4, 7.334698202453597E-4, 7.43580184024895E-4, 
Maximum ratio is: 7.43580184024895E-4
Average ratio is: 5.553748238087114E-4